Training Set Performance:
MSE: 1.4115079459576234
RMSE: 1.1880689988201962
MAE: 0.891994847521643
R^2: 0.672501154939985

Test Set Performance:
MSE: 1.4442761709493908
RMSE: 1.201780417110127
MAE: 0.9061240914145448
R^2: 0.651576788513811
